	S11-11	S11-12	S11-14	S11-1	S11-2	S11-6	S11-7	S11-9	S13-11	S13-12	S13-14	S13-1	S13-2	S13-6	S13-7	S13-9	S17-11	S17-12	S17-14	S17-1	S17-2	S17-6	S17-7	S17-9	S9-11	S9-12	S9-14	S9-1	S9-2	S9-6	S9-7	S9-9
S11-11	0.0	0.7706764311458432	1.3726611016646817	0.8465929413426904	1.3118790537176097	0.4827103620911603	0.8979479031253439	1.5495291918079133	0.621358013072552	0.7966836445921585	1.3848118272668608	1.255854982737521	0.664079206956792	0.7274721610919515	0.8759750816155502	1.4433479064337416	0.6594890117773426	0.6355073407212155	1.5637716807517457	0.870136285986639	0.7876339114369661	0.8299745436450415	0.9465434683481931	1.4811458036640133	0.6021201637770229	1.2800937810904724	1.8893970714350727	1.1518640969289946	1.3731816007377993	1.84007282492517	1.5755438024907218	1.5854475414009204
S11-12	0.7706764311458432	0.0	1.5405179360322812	1.3576559700087196	1.0228965243775991	0.7693074338044641	1.0763410481768731	1.3968506093798163	0.8445915506710299	0.7665760248758985	1.5566808995983057	1.3934276257269749	0.8271940626729911	0.896464958364572	1.0140729098713286	1.3419743048082136	0.9782399071036206	0.8793233065204923	1.73723374746621	1.395986241623774	0.9482432185999379	1.1473544740112982	1.1160002774822118	1.4292949564611868	0.7364945519767985	0.8659336880664149	1.729451686404717	1.0740762808546136	1.018467445791158	1.7262870532033543	1.2193125701091927	1.314535989480515
S11-14	1.3726611016646817	1.5405179360322812	0.0	1.5186710457217407	0.9390081249384523	1.3027253058995798	0.9287649016876607	1.0744218556944998	1.00339959601031	1.7082286347824807	0.30247960154068865	1.9061419240658357	1.0530413066611042	1.1949346096693005	0.8283041108791336	0.9659904334804769	1.139669509753338	1.6986871529778274	0.37557246908693454	1.5397039039555587	0.8811526995229975	1.2100226359943616	0.9511553552784617	1.0917519473050246	1.2294386585371062	1.0464152286255344	0.6895071356167635	1.6356763938767183	0.9901393762443818	0.9733249643675977	0.8575483749764763	1.2329949043956674
S11-1	0.8465929413426904	1.3576559700087196	1.5186710457217407	0.0	1.4828794931754021	0.8548683031682955	1.1133671958271498	1.513829034997724	1.1338590949896166	0.7435206025751793	1.5265827995296193	0.5233058087480961	0.9467851163029881	0.9187539033186248	1.3686018536270235	1.4634741563067237	1.103969319367278	0.7060018633175595	1.6868409865467164	0.24015875582093688	0.9446482793079207	1.0664772069955968	0.877279521167509	1.3785085557463506	1.2555077242813075	1.534290151101175	2.0182596997700504	0.5042659202337113	1.516716657883699	1.911697760002184	1.7207446830525204	1.3648750421435654
S11-2	1.3118790537176097	1.0228965243775991	0.9390081249384523	1.4828794931754021	0.0	1.1103192013508782	0.9557249010389516	0.635519046667673	1.2431758703496967	1.1981140589349806	1.061529638122476	1.5180338182276787	0.7296937067770474	1.2669983805822411	1.0928855200812402	0.5719802140576521	1.2679195080083687	1.4013283870170967	1.0931296255543839	1.4943149350313547	0.7147090852614721	1.2881658461875278	0.8822402961744873	0.6927123761273781	1.2309013923120864	0.6426393103994081	1.0449917252144483	1.2046148752040298	0.22594214134364016	1.038586376161586	0.5913507993098294	0.6962521912656799
S11-6	0.4827103620911603	0.7693074338044641	1.3027253058995798	0.8548683031682955	1.1103192013508782	0.0	0.6924862665157567	1.2982486909991264	0.7150146873497181	0.7893674805382349	1.3343587149366911	1.2550951673051787	0.551067943193387	0.5031032827031615	0.8705076433432439	1.227296377790713	0.6593888705913101	0.6082881886361351	1.4785862828507461	0.8558729347570005	0.6538022797134816	0.5715858702589154	0.7012552758714433	1.2099027843626988	0.7527826743768069	1.1486980604879744	1.742394910499835	1.0488265896369011	1.230620160639397	1.5627100920872727	1.3658618720362503	1.317323995468104
S11-7	0.8979479031253439	1.0763410481768731	0.9287649016876607	1.1133671958271498	0.9557249010389516	0.6924862665157567	0.0	0.9341438455760764	0.7818939028994837	1.0728033719593284	0.9307791911294478	1.3977339993396436	0.5548959090623623	0.9740266392634828	0.4548548438681174	0.8358568910924045	0.9042271050400522	1.036658151832208	1.0644218368902938	1.205309940766461	0.6866597199723239	1.0096998836341184	0.39174299795560297	0.9392133868684384	0.739360045015594	0.8142789202587187	1.2675181021856619	1.1254748343736216	0.9965705338179772	1.233782133922634	0.7858707444585692	1.066366267712304
S11-9	1.5495291918079133	1.3968506093798163	1.0744218556944998	1.513829034997724	0.635519046667673	1.2982486909991264	0.9341438455760764	0.0	1.423221026974519	1.3302893863524676	1.2331527876964266	1.4772694825374535	1.060355180739985	1.5371707716614753	1.2554840539267933	0.2166546300897698	1.5323016695019833	1.5409894424122732	1.1051324130934712	1.5439584395511865	1.058582157437427	1.555837272627468	0.8542691685363133	0.21286510911323486	1.3824411782337032	0.999984364031689	0.9193929885321729	1.2422399832235642	0.7079276388753395	0.8564148194902415	0.8151609707081885	0.34793990116541545
S13-11	0.621358013072552	0.8445915506710299	1.00339959601031	1.1338590949896166	1.2431758703496967	0.7150146873497181	0.7818939028994837	1.423221026974519	0.0	0.9919395481709593	0.9616208318651575	1.528162005931726	0.7465696220726794	0.7948765918477332	0.580710330470194	1.2831429404387562	0.5177383185878228	1.081121436917683	1.1321755665578224	1.1579199569230236	0.7252518030444237	0.803791599969746	0.9942202882409017	1.4415956395217884	0.38185145162485273	1.0042307725649935	1.5491583703196663	1.2271468868011695	1.2390471134413807	1.5993793347368677	1.2505289800620563	1.5809718804289064
S13-12	0.7966836445921585	0.7665760248758985	1.7082286347824807	0.7435206025751793	1.1981140589349806	0.7893674805382349	1.0728033719593284	1.3302893863524676	0.9919395481709593	0.0	1.7076783545616137	0.7702349952322927	0.8045570346308083	1.034847798473446	1.2741137520131842	1.2965519482783823	1.0744306727716213	0.5572818164533604	1.8951590046448918	0.7944805363335206	1.070638663329302	1.2436605980146935	0.9939543622406443	1.2759380229326043	0.9261358640039767	1.1502353964365652	1.8953237507939125	0.5936973630135096	1.217382212332028	1.8263351108829482	1.4648414487713899	1.2389470887906775
S13-14	1.3848118272668608	1.5566808995983057	0.30247960154068865	1.5265827995296193	1.061529638122476	1.3343587149366911	0.9307791911294478	1.2331527876964266	0.9616208318651575	1.7076783545616137	0.0	1.8927547384695453	1.0549825761959002	1.2136912244727336	0.7840262758407532	1.0927222834180814	1.0774544574091676	1.708298901862301	0.5008162118745068	1.4930778309029833	0.8779900385792574	1.1607720894504792	0.9962449284964007	1.2692850643658171	1.1890065619435513	1.0248165823122908	0.8222540787594509	1.6211155048401353	1.1016315083727357	1.1668508135962616	0.9474619032565899	1.379920660075245
S13-1	1.255854982737521	1.3934276257269749	1.9061419240658357	0.5233058087480961	1.5180338182276787	1.2550951673051787	1.3977339993396436	1.4772694825374535	1.528162005931726	0.7702349952322927	1.8927547384695453	0.0	1.2443852462013463	1.3984844057208448	1.6847090892201746	1.4489526134425788	1.5493181109600171	0.9650268415878288	2.072239427101137	0.7131475137165836	1.409653008059681	1.572786245289404	1.2211981331184885	1.3952973006113183	1.4556477855674486	1.615182862279164	2.0751742819020333	0.3860692494425296	1.4912734480697003	2.024030267157526	1.7627800038984807	1.3191319992255268
S13-2	0.664079206956792	0.8271940626729911	1.0530413066611042	0.9467851163029881	0.7296937067770474	0.551067943193387	0.5548959090623623	1.060355180739985	0.7465696220726794	0.8045570346308083	1.0549825761959002	1.2443852462013463	0.0	0.7851306975990281	0.7198421133975279	0.9269011329069172	0.7604183691354383	0.796706628749496	1.2736334605402346	0.9951570628373102	0.3754060688706049	0.8720365892732028	0.5918965635933615	1.0202174000676572	0.7233334722980004	0.8054808881134756	1.4229605602706425	0.9600934793715491	0.7785212077388237	1.4330395596556051	1.0816517750724954	1.1244731435470736
S13-6	0.7274721610919515	0.896464958364572	1.1949346096693005	0.9187539033186248	1.2669983805822411	0.5031032827031615	0.9740266392634828	1.5371707716614753	0.7948765918477332	1.034847798473446	1.2136912244727336	1.3984844057208448	0.7851306975990281	0.0	1.0534720864995761	1.4342489488685894	0.6776617928852031	0.6601781242032767	1.3521708515339175	0.9064908975357305	0.6648746380725965	0.5463871074316775	0.9249954119103182	1.4413228563190257	1.0237129492466903	1.2867032830850331	1.7094840389865211	1.1899992236440573	1.380176810820163	1.5863335932517053	1.4592218246227575	1.559516062100072
S13-7	0.8759750816155502	1.0140729098713286	0.8283041108791336	1.3686018536270235	1.0928855200812402	0.8705076433432439	0.4548548438681174	1.2554840539267933	0.580710330470194	1.2741137520131842	0.7840262758407532	1.6847090892201746	0.7198421133975279	1.0534720864995761	0.0	1.1095762749624962	0.8674429269449293	1.2619597304037746	0.9787900344127909	1.4547674285270369	0.7403225563478926	1.0787624295052525	0.779546549210979	1.2848100293066929	0.603861971472082	0.8841756996079807	1.2138051992961187	1.3765694873930474	1.1342168384367175	1.316242223717459	0.8039010577170418	1.3856426932226198
S13-9	1.4433479064337416	1.3419743048082136	0.9659904334804769	1.4634741563067237	0.5719802140576521	1.227296377790713	0.8358568910924045	0.2166546300897698	1.2831429404387562	1.2965519482783823	1.0927222834180814	1.4489526134425788	0.9269011329069172	1.4342489488685894	1.1095762749624962	0.0	1.4271007049740467	1.4521017641628717	1.0129888585598676	1.502623214890524	0.9599469331996532	1.4903421729046022	0.8287862174065614	0.2933796726135656	1.2228972465428551	0.9178194132480152	0.8799580068058651	1.2154401139616782	0.6287419524669242	0.9199100153621759	0.7306609842745594	0.43437125788130293
S17-11	0.6594890117773426	0.9782399071036206	1.139669509753338	1.103969319367278	1.2679195080083687	0.6593888705913101	0.9042271050400522	1.5323016695019833	0.5177383185878228	1.0744306727716213	1.0774544574091676	1.5493181109600171	0.7604183691354383	0.6776617928852031	0.8674429269449293	1.4271007049740467	0.0	0.9764912629499751	1.202901444415105	1.0156260805694375	0.6617663312862891	0.3502383305395767	1.0252291582027393	1.5015359657563043	0.8061384883748607	1.1898326355189228	1.7266325791505228	1.305505424596926	1.369446950924526	1.684765590690767	1.4710018395443165	1.6624450757675109
S17-12	0.6355073407212155	0.8793233065204923	1.6986871529778274	0.7060018633175595	1.4013283870170967	0.6082881886361351	1.036658151832208	1.5409894424122732	1.081121436917683	0.5572818164533604	1.708298901862301	0.9650268415878288	0.796706628749496	0.6601781242032767	1.2619597304037746	1.4521017641628717	0.9764912629499751	0.0	1.8859571010076612	0.7397037714299051	1.0074166310300947	1.027279582326262	0.9927004164263934	1.4387302009456264	1.0564243877562278	1.3747565316833692	2.0296948083211865	0.9241064953736006	1.4597051651655653	1.9244431599707166	1.6701638920272392	1.5537635434863621
S17-14	1.5637716807517457	1.73723374746621	0.37557246908693454	1.6868409865467164	1.0931296255543839	1.4785862828507461	1.0644218368902938	1.1051324130934712	1.1321755665578224	1.8951590046448918	0.5008162118745068	2.072239427101137	1.2736334605402346	1.3521708515339175	0.9787900344127909	1.0129888585598676	1.202901444415105	1.8859571010076612	0.0	1.6080924870701494	1.0522841011591646	1.2639319075309183	1.074639534681033	1.109833353872455	1.392620710631214	1.2917659667066514	0.671926408765053	1.8088873423395289	1.182404487460978	0.8559894096829633	0.9700508601990997	1.254679538472208
S17-1	0.870136285986639	1.395986241623774	1.5397039039555587	0.24015875582093688	1.4943149350313547	0.8558729347570005	1.205309940766461	1.5439584395511865	1.1579199569230236	0.7944805363335206	1.4930778309029833	0.7131475137165836	0.9951570628373102	0.9064908975357305	1.4547674285270369	1.502623214890524	1.0156260805694375	0.7397037714299051	1.6080924870701494	0.0	0.9462348847027898	0.9401020737124903	0.9426819801351405	1.4074127987582836	1.349483259726355	1.6340025346874398	2.0547361368820445	0.7219375240553733	1.5619620946191624	1.9046486793789759	1.8183398792146315	1.39268327074259
S17-2	0.7876339114369661	0.9482432185999379	0.8811526995229975	0.9446482793079207	0.7147090852614721	0.6538022797134816	0.6866597199723239	1.058582157437427	0.7252518030444237	1.070638663329302	0.8779900385792574	1.409653008059681	0.3754060688706049	0.6648746380725965	0.7403225563478926	0.9599469331996532	0.6617663312862891	1.0074166310300947	1.0522841011591646	0.9462348847027898	0.0	0.69127570726421	0.6440524820438414	1.016306522945198	0.9140839022289398	0.9044916994734937	1.3814795740396577	1.1113200148900295	0.8403343621391952	1.3301787318124674	1.0844501152102157	1.1489366046691067
S17-6	0.8299745436450415	1.1473544740112982	1.2100226359943616	1.0664772069955968	1.2881658461875278	0.5715858702589154	1.0096998836341184	1.555837272627468	0.803791599969746	1.2436605980146935	1.1607720894504792	1.572786245289404	0.8720365892732028	0.5463871074316775	1.0787624295052525	1.4903421729046022	0.3502383305395767	1.027279582326262	1.2639319075309183	0.9401020737124903	0.69127570726421	0.0	1.023477254885118	1.4771536195226476	1.0534298850314257	1.3668229230604334	1.8142075189617988	1.37683651352739	1.4332440119481586	1.6208385393760847	1.5351117561546224	1.665900543762237
S17-7	0.9465434683481931	1.1160002774822118	0.9511553552784617	0.877279521167509	0.8822402961744873	0.7012552758714433	0.39174299795560297	0.8542691685363133	0.9942202882409017	0.9939543622406443	0.9962449284964007	1.2211981331184885	0.5918965635933615	0.9249954119103182	0.779546549210979	0.8287862174065614	1.0252291582027393	0.9927004164263934	1.074639534681033	0.9426819801351405	0.6440524820438414	1.023477254885118	0.0	0.7339450861630535	0.9976267814034266	0.9594150193240105	1.292258014920177	0.9819964872142585	0.9211679599890348	1.1280975504398127	0.9365113070029742	0.8358561125696043
S17-9	1.4811458036640133	1.4292949564611868	1.0917519473050246	1.3785085557463506	0.6927123761273781	1.2099027843626988	0.9392133868684384	0.21286510911323486	1.4415956395217884	1.2759380229326043	1.2692850643658171	1.3952973006113183	1.0202174000676572	1.4413228563190257	1.2848100293066929	0.2933796726135656	1.5015359657563043	1.4387302009456264	1.109833353872455	1.4074127987582836	1.016306522945198	1.4771536195226476	0.7339450861630535	0.0	1.4227927593692171	1.094284050800789	0.9969750847513108	1.2028933998906661	0.7720038016510816	0.8621941072371576	0.9315396002514327	0.37545886182393523
S9-11	0.6021201637770229	0.7364945519767985	1.2294386585371062	1.2555077242813075	1.2309013923120864	0.7527826743768069	0.739360045015594	1.3824411782337032	0.38185145162485273	0.9261358640039767	1.1890065619435513	1.4556477855674486	0.7233334722980004	1.0237129492466903	0.603861971472082	1.2228972465428551	0.8061384883748607	1.0564243877562278	1.392620710631214	1.349483259726355	0.9140839022289398	1.0534298850314257	0.9976267814034266	1.4227927593692171	0.0	0.9868949005904151	1.5421884140340054	1.1579592399327758	1.2140193424067316	1.6822620938595438	1.1931047928392304	1.5057516950476322
S9-12	1.2800937810904724	0.8659336880664149	1.0464152286255344	1.534290151101175	0.6426393103994081	1.1486980604879744	0.8142789202587187	0.999984364031689	1.0042307725649935	1.1502353964365652	1.0248165823122908	1.615182862279164	0.8054808881134756	1.2867032830850331	0.8841756996079807	0.9178194132480152	1.1898326355189228	1.3747565316833692	1.2917659667066514	1.6340025346874398	0.9044916994734937	1.3668229230604334	0.9594150193240105	1.094284050800789	0.9868949005904151	0.0	1.2113872414255389	1.2840506078006946	0.6160440568530963	1.3608950219675724	0.6297701053526795	1.060876776788827
S9-14	1.8893970714350727	1.729451686404717	0.6895071356167635	2.0182596997700504	1.0449917252144483	1.742394910499835	1.2675181021856619	0.9193929885321729	1.5491583703196663	1.8953237507939125	0.8222540787594509	2.0751742819020333	1.4229605602706425	1.7094840389865211	1.2138051992961187	0.8799580068058651	1.7266325791505228	2.0296948083211865	0.671926408765053	2.0547361368820445	1.3814795740396577	1.8142075189617988	1.292258014920177	0.9969750847513108	1.5421884140340054	1.2113872414255389	0.0	1.8100268355881668	1.11439705765673	0.6272056051300599	0.8946477301347278	1.1769158648345732
S9-1	1.1518640969289946	1.0740762808546136	1.6356763938767183	0.5042659202337113	1.2046148752040298	1.0488265896369011	1.1254748343736216	1.2422399832235642	1.2271468868011695	0.5936973630135096	1.6211155048401353	0.3860692494425296	0.9600934793715491	1.1899992236440573	1.3765694873930474	1.2154401139616782	1.305505424596926	0.9241064953736006	1.8088873423395289	0.7219375240553733	1.1113200148900295	1.37683651352739	0.9819964872142585	1.2028933998906661	1.1579592399327758	1.2840506078006946	1.8100268355881668	0.0	1.1789408531044905	1.8059776185214766	1.428151598866966	1.0967899619833166
S9-2	1.3731816007377993	1.018467445791158	0.9901393762443818	1.516716657883699	0.22594214134364016	1.230620160639397	0.9965705338179772	0.7079276388753395	1.2390471134413807	1.217382212332028	1.1016315083727357	1.4912734480697003	0.7785212077388237	1.380176810820163	1.1342168384367175	0.6287419524669242	1.369446950924526	1.4597051651655653	1.182404487460978	1.5619620946191624	0.8403343621391952	1.4332440119481586	0.9211679599890348	0.7720038016510816	1.2140193424067316	0.6160440568530963	1.11439705765673	1.1789408531044905	0.0	1.163416260343677	0.6186191318584018	0.761126730429411
S9-6	1.84007282492517	1.7262870532033543	0.9733249643675977	1.911697760002184	1.038586376161586	1.5627100920872727	1.233782133922634	0.8564148194902415	1.5993793347368677	1.8263351108829482	1.1668508135962616	2.024030267157526	1.4330395596556051	1.5863335932517053	1.316242223717459	0.9199100153621759	1.684765590690767	1.9244431599707166	0.8559894096829633	1.9046486793789759	1.3301787318124674	1.6208385393760847	1.1280975504398127	0.8621941072371576	1.6822620938595438	1.3608950219675724	0.6272056051300599	1.8059776185214766	1.163416260343677	0.0	1.0147945528665707	1.130250501086914
S9-7	1.5755438024907218	1.2193125701091927	0.8575483749764763	1.7207446830525204	0.5913507993098294	1.3658618720362503	0.7858707444585692	0.8151609707081885	1.2505289800620563	1.4648414487713899	0.9474619032565899	1.7627800038984807	1.0816517750724954	1.4592218246227575	0.8039010577170418	0.7306609842745594	1.4710018395443165	1.6701638920272392	0.9700508601990997	1.8183398792146315	1.0844501152102157	1.5351117561546224	0.9365113070029742	0.9315396002514327	1.1931047928392304	0.6297701053526795	0.8946477301347278	1.428151598866966	0.6186191318584018	1.0147945528665707	0.0	0.8701280678802551
S9-9	1.5854475414009204	1.314535989480515	1.2329949043956674	1.3648750421435654	0.6962521912656799	1.317323995468104	1.066366267712304	0.34793990116541545	1.5809718804289064	1.2389470887906775	1.379920660075245	1.3191319992255268	1.1244731435470736	1.559516062100072	1.3856426932226198	0.43437125788130293	1.6624450757675109	1.5537635434863621	1.254679538472208	1.39268327074259	1.1489366046691067	1.665900543762237	0.8358561125696043	0.37545886182393523	1.5057516950476322	1.060876776788827	1.1769158648345732	1.0967899619833166	0.761126730429411	1.130250501086914	0.8701280678802551	0.0
